-1.37125
-1.60066
-1.15277
-2.91267
-3.00032
-1.41652
-1.49228
-1.63031
-1.46552
-1.53123
-1.26094
-1.44806
-1.50462
-1.44337
-1.21175
-1.85172
-1.4671
-1.23659
-0.619339
-1.43001
-1.42487
-1.61386
0.0717316
-1.70248
-1.53603
-1.44923
-1.2373
-1.60266
-1.47337
-1.85071
-1.70699
-0.918915
-1.31929
-1.93765
-1.44635
-1.3994
-1.43266
-1.29993
-0.351562
-1.50319
-1.67619
-2.84328
-0.255844
-1.59367
-1.30965
-1.5135
-1.3008
-1.39925
-1.58611
-1.7928
-1.32588
-3.01634
-1.5015
-1.39066
-1.49982
-1.79066
-1.55292
-1.64574
-1.35371
-1.71053
-1.43431
-1.76186
-1.55959
-1.28575
-1.36787
-1.65144
-0.135422
-1.45573
-1.77205
-1.56921
-1.38576
-1.27679
-1.43636
-1.42953
-1.65479
-0.986923
-0.694611
-1.58986
-1.49542
-1.82619
-0.697372
-1.50221
-1.54016
-1.59871
-1.2343
-1.46248
-0.0651093
-1.42888
-0.72966
-1.68532
-1.6423
-1.82886
-1.63878
-1.25645
-1.63687
-1.44301
-1.24652
-1.37294
-1.2717
-1.20926
-1.31691
-1.26579
-1.59097
-1.49789
-1.21088
-1.5491
-1.43472
-1.47148
-1.57558
-1.55388
-1.69595
-1.29005
-1.75476
-1.8427
-1.54524
-1.39308
-1.57133
-1.54939
-1.59875
-0.307693
-1.85748
-1.36
-2.74207
-1.50279
-1.39709
-1.40898
-1.19516
-1.40985
-1.26758
-1.48677
-1.41795
-1.88083
-3.4194
-1.67056
-1.19727
-2.5406
-1.43532
-1.4165
-1.41211
-1.36411
-1.45972
-1.6815
-1.81154
-1.49077
-0.30722
-1.45796
-1.29546
0.441284
-1.27089
-1.76717
-1.37401
-1.64648
-1.52611
-1.39685
-0.588333
-1.66566
-1.62906
-1.61432
-1.47993
-1.39249
-1.71597
-2.6129
-1.38408
-1.5797
-0.0328979
-1.45383
-1.26503
-1.51344
-1.7169
-0.193832
-1.24263
-1.39938
-1.7063
-1.88498
-1.48618
-1.52448
-1.38567
0.483963
-1.40756
-1.92964
-1.45471
-1.72864
-1.43886
-1.34589
-1.63156
-1.3177
-1.38062
-1.50244
-1.47461
-1.8098
-1.22444
-2.01807
-1.90121
-1.66422
-1.13358
-1.3078
-1.70287
-1.32742
-1.15997
-1.81721
-1.71939
-1.1153
-2.6153
-1.6657
-1.37085
-1.50288
-1.64046
-1.51248
-0.434631
-1.35297
-1.81247
-1.55315
-1.73904
-1.75806
-1.62419
-2.38243
-1.30365
-1.44685
1.74745
-1.52701
-1.39285
-1.59514
-1.72824
-1.54037
-1.37596
-1.6653
-1.89069
-1.63861
-1.5882
-1.70773
-1.54816
-1.56914
-1.59984
-1.59596
-1.97244
-1.43199
-1.28729
-1.86913
-1.07849
-1.73589
-1.34995
-1.69096
-1.50073
-1.65372
-1.41223
-1.81752
-1.37199
-1.33061
-1.48538
-3.082
-1.92787
-1.36507
-1.46671
-0.381836
-1.94609
-1.2469
-3.05898
-1.94827
-0.148285
-1.46758
-1.49921
-1.37991
-1.63678
-1.81824
-1.1976
-1.27074
-1.08803
-1.56491
-1.45451
-1.79849
-1.91325
-2.8885
-1.47974
-1.09381
-1.42451
-1.22301
-3.35724
-1.85295
-1.23427
-1.27602
-1.22772
-2.75319
-1.85567
-1.16949
-1.73125
-1.44261
-1.6797
-1.3445
-1.49907
-1.3806
-1.38773
-1.36081
-1.23972
-1.21794
-1.03711
-1.8772
-1.54689
-1.52652
-1.44357
-1.38095
-1.69016
-1.45114
-1.50591
-1.5793
-1.61844
-1.29283
0.0724487
-1.47377
-1.33467
-1.34201
-1.79475
-1.63773
-3.05524
-1.5379
-1.83983
-1.25169
-1.3777
-1.26724
-1.52875
-1.45018
-1.44739
-1.6404
-1.56281
-1.67343
-1.44859
-1.26106
-2.94983
-1.55389
-1.29153
-1.57327
-1.31273
-1.06792
-1.64107
-1.57047
-1.87384
-1.5919
-1.71346
-1.48216
-3.07556
-1.56781
-1.22932
-1.53891
-2.8255
-1.39322
-1.92596
-1.37045
-1.5244
-1.7872
-1.63152
-1.28133
-1.3586
-1.29944
-1.72043
-1.53531
-1.70972
-1.30952
-1.80389
-1.96881
-1.64066
-1.28622
-1.33099
-1.39212
-1.42886
-1.92418
-1.56874
-2.0744
-1.23033
-2.38062
-1.7776
-1.74721
-1.59293
-2.77295
-1.53149
-1.78636
-1.50327
-1.48512
-1.50073
-1.24763
-1.34395
-1.49796
-1.73804
-1.29614
-1.5827
-1.64914
-1.82748
-1.31441
-1.45453
-1.51408
-1.4962
-1.79845
-1.72546
-1.6028
-1.50241
-1.6895
-1.54443
-1.61548
-1.53824
-1.72733
-1.65898
-1.65497
-1.76801
-1.49086
-1.19922
-1.56718
-1.60066
-1.89287
-1.75114
-1.48047
-1.20308
-0.872955
-1.35272
-1.16669
-1.57536
-1.7646
-1.8761
-1.45567
-1.53168
-1.68056
-1.32909
-0.752747
-0.38205
-1.94225
-1.67899
-3.22061
-1.63257
-1.68152
-1.35928
-1.64064
-1.66217
-1.70888
-1.42628
-0.339569
-1.81343
-1.34441
-1.59732
-1.60828
-1.53542
-1.8364
-1.55159
-1.50842
-0.0901489
-1.33057
-1.45822
-2.89809
-1.55382
-1.67426
-1.31454
-0.998535
-1.59787
-1.62326
-1.9492
-1.6707
-1.79501
-1.92911
-1.34593
-1.58226
-1.30185
-1.2561
-1.38947
-1.3398
-1.73286
-1.65427
-1.08493
-1.45377
-1.4825
-2.66824
-1.97649
-1.98015
-1.71742
-1.40602
-1.33351
-1.51631
-1.63353
-3.05222
-1.53539
-1.63368
-1.47644
-1.47299
-1.48872
-1.28088
-1.25229
-1.43387
-1.92735
-1.42229
-1.82417
-1.93416
-1.69887
-1.40865
-1.70689
-1.55928
-1.6951
-1.07013
-1.5826
-1.54395
-1.40022
-1.33154
-1.54515
-1.55559
-0.973679
-1.58
-1.62331
-1.74207
-1.45854
-1.71143
-1.53033
-2.02296
-1.09595
-1.70294
-1.45284
-1.55042
-1.33838
-1.69809
-1.46921
-1.56812
-1.6347
-1.3508
-1.38541
-1.53964
-1.93359
-2.92677
-1.62521
-1.83678
-1.24258
-1.6628
-1.27492
-1.92297
-1.45555
-1.39655
-1.81235
-1.28477
-1.75938
-1.38661
-1.70813
-1.07782
-1.4823
-1.31783
-2.04192
-1.59026
-1.23447
-1.37518
-0.189789
-0.464096
-0.564865
-1.4637
-3.07532
-1.52832
-1.31125
-1.6387
-0.437485
-1.46484
-1.82869
-1.1973
-1.92554
-1.60434
-1.29494
-1.48296
-0.224701
-1.55099
-1.69598
-1.12181
-1.40794
-1.62015
-1.39365
-2.05174
-1.67574
-1.89687
-1.45793
-3.03862
-1.49983
-1.55804
0.456436
-1.58586
-1.76634
-1.42104
-1.46083
-1.57233
-1.48412
-1.64355
-1.19122
-1.4093
-1.53453
-1.60114
-1.57069
-1.3597
-1.32042
-1.73111
-1.91057
-1.55063
-1.50049
-1.39177
-1.90074
-1.29633
-1.34561
-1.66785
-1.8763
-1.97438
-2.91187
-1.34933
-1.87608
-0.946075
-0.662735
-0.221848
-1.4752
-1.27879
-0.96788
-1.42566
-1.52988
-1.66484
-1.66231
-1.86813
-0.686523
-1.30193
-1.63316
-1.86368
-1.6116
-2.06383
-1.43504
-1.43312
-1.59808
-1.33731
-1.26552
-1.35367
-2.2317
-1.15952
-1.87338
-1.38414
-1.35484
-1.71439
-1.63007
-1.8744
-0.404068
-1.34395
-1.72313
-1.53088
-1.42578
-2.00522
-1.56638
-2.02722
-1.63573
-1.40364
-1.73372
-1.49188
-1.57001
-0.971451
-1.24323
-0.494431
-1.70482
-1.65483
-0.130447
-1.3163
-1.36279
-1.55353
-1.69859
-1.16298
-1.29781
-1.59021
-1.30125
-2.77011
-1.38283
-1.80806
-1.29976
-1.54657
-1.61905
-1.5537
-1.72366
-1.51566
-0.0983734
-1.50273
-1.43491
-1.32649
-1.42545
-0.0413971
-1.66774
-1.24962
-1.67168
-0.454666
-1.51257
-1.40103
-1.54492
-2.94429
-1.74074
-1.62059
-1.52765
-0.25444
-0.926422
-1.58392
-1.69499
-1.57414
-1.58165
-1.36728
-1.5788
-1.61305
-1.41771
-1.94524
-1.37502
-1.75397
-1.80812
-1.8412
-1.48155
-1.71306
-1.64203
-1.53845
-1.69685
-1.75758
-1.3304
-1.37534
-3.02773
-1.40324
-1.46776
-1.99892
-1.21373
-1.47861
-1.82991
-1.3894
-1.6048
-1.7775
-1.40787
-1.82669
-0.610092
-1.87546
-1.29694
-1.67703
-0.608749
-1.68883
-1.40446
-1.61551
-1.76363
-0.29361
-1.54291
-1.65233
-1.4958
-1.32535
-1.41298
-2.0118
-1.47813
-1.86612
-1.67703
-1.5415
-1.21919
-2.06328
-1.73506
-1.50903
-1.8053
-1.52304
-1.82838
-1.30266
-1.8275
-1.37144
-3.05743
-1.34605
-1.29532
-1.50224
-1.39688
-1.69008
-1.66695
-1.42572
-1.76619
-1.67871
-1.41406
-1.20105
-2.95119
-1.47752
-1.35725
-1.79636
-1.50014
-1.83328
-1.5284
0.250488
-1.4641
-1.39177
-1.63509
-1.63274
-1.49799
-0.3582
-1.72992
-1.30161
-1.52562
-1.57384
-1.80566
-2.63211
-1.65536
-1.68246
-0.335846
-1.41727
-1.59485
-1.17902
-1.46295
-1.48016
-1.57231
-1.2234
-1.69601
-1.27496
-1.66663
-1.66045
-2.02798
-1.69922
-1.57932
-1.75554
-1.43291
-1.63686
-0.252487
-1.74213
-1.3969
-1.69212
-1.35025
-1.56567
-2.76332
-0.532593
-1.71979
-3.06854
-1.47322
-1.34717
-1.70117
-1.08856
-1.93684
-1.40102
-1.69786
-1.54361
-1.64456
-1.72501
-1.48473
-1.49924
-1.73561
-1.14639
-1.79295
-3.03551
-1.60562
-1.61847
-1.97182
-1.42087
-1.3381
-0.512268
-1.8889
-1.38928
-1.52271
-1.60318
-1.88844
-1.82347
-1.51697
-1.48685
-1.21397
-1.26817
-1.88834
-1.39931
-1.5537
-1.93063
-0.964005
-1.46638
-1.81548
-1.60484
-1.88394
-1.45729
-1.677
-1.76697
-1.57474
-1.55551
-1.40327
-1.34564
-1.8391
0.165894
-1.64943
-1.3734
-1.57091
-1.42871
-1.0567
-1.17848
-1.43738
-1.82938
-1.72235
-1.37971
-1.5822
-1.39465
-1.43054
-1.53853
-3.57925
-1.32747
-1.65112
-1.12862
-1.75667
-1.56424
-1.06219
-1.44162
-1.62637
-1.6442
-1.34236
-1.05809
-1.69725
-1.39214
-1.85815
-0.435486
-1.22336
-1.51257
-0.131287
-1.875
-0.209671
-1.63675
-1.54814
-3.44545
-1.37326
-0.51091
-1.34428
-1.02661
-1.53751
-0.943604
-1.4633
-1.84792
-1.47581
-1.93257
-1.19533
-1.68304
-1.4818
-1.54959
-2.2224
-0.574905
-1.60228
-1.53688
-1.49434
-1.49838
0.231918
-1.15945
-1.39886
-1.487
-1.52068
-1.25414
-1.55244
-1.53404
-1.57076
-1.83044
-1.50378
-2.89778
-1.5569
-1.61214
-2.68103
-1.57918
-1.7527
-1.24141
-1.56952
-1.67982
-1.3837
-2.13303
-1.24101
-0.86795
-1.43855
-1.24405
-1.442
-1.48027
-1.47626
-1.7648
-2.82713
-1.83385
-1.7244
-1.577
-1.71024
-1.83267
-1.21954
-1.37039
-1.29436
-1.49721
-1.51266
-1.45111
-1.39194
-1.29556
-1.47878
-1.68121
-1.53275
-1.17612
-1.6833
-1.41949
-2.64326
-1.46631
-1.60739
-2.84747
-1.46552
-3.83067
-1.55681
-1.38766
-1.47385
-1.28291
-1.90955
-1.71565
-1.48746
-1.7738
-1.51761
-1.76146
-1.66115
0.514023
-1.28963
-2.90315
-1.37274
-1.50456
-1.39156
-1.41991
-1.53416
-1.60324
1.71565
-1.61945
-2.64305
-1.23392
-1.47514
-2.79193
-1.48148
-1.22704
-1.90437
-1.82504
-1.23543
-1.64114
-3.17419
-1.39665
-1.43535
-1.11859
-0.641235
-1.65598
-1.60074
-0.125504
-1.78419
-1.49141
-1.59071
-1.77788
-1.02281
-1.35519
-1.70395
-3.54906
-1.79733
-1.99474
-1.30156
-1.68727
-1.97763
-1.29092
-3.04388
-1.99385
-1.34592
-2.04622
-1.10068
-0.390579
-1.6129
-1.34206
-1.20058
-1.4147
-1.61668
-2.04599
-1.774
-1.44705
-1.49661
-1.71307
-0.966507
-1.49242
-1.27148
-1.53682
-1.82945
-1.36526
-1.28369
-1.52686
-1.64581
-1.11679
-1.56386
-1.29715
-1.40988
-1.58902
-1.77168
-1.56485
-1.32062
-1.617
-1.86212
-1.60866
-1.83028
-1.47523
-1.4292
-1.27646
-1.25391
-1.5473
-1.55624
-1.69858
-1.45547
-1.70415
-1.83926
-1.05304
-1.493
-1.5623
-2.88571
-1.4706
-1.43181
-1.80588
-1.28998
-1.62617
-2.71255
-1.49672
-1.58926
-1.43764
-1.59464
-1.76813
-1.30464
-1.50877
-1.26659
-1.54152
-1.63914
-1.41254
-1.29623
-1.48189
-1.47783
-1.69928
-1.63515
-1.77223
-1.75238
-1.43382
-1.25974
-1.18762
-0.184753
-1.39699
-1.54723
-1.67244
-1.62422
-1.33049
-1.36662
-1.4498
-0.41098
-1.43341
-1.8279
-1.61221
-1.56502
-1.25208
-1.42264
-1.85762
-1.55499
-1.57382
-1.9019
-1.66096
-2.51985
-1.51364
-1.64015
-2.06525
-1.55989
-1.3354
-1.40627
-1.62866
-1.33394
-0.75322
-1.71806
-1.31163
-1.95004
-1.22725
-1.70056
-1.64211
-1.5112
-0.931183
-1.59181
-1.89365
-1.8284
-1.46034
-1.82617
-1.87831
-1.46463
-0.369843
-1.40239
-1.45375
-1.31203
-1.5322
-2.88216
-1.29143
-1.79068
-1.69872
-1.72255
-1.59248
-1.35204
-1.42874
-1.29695
-1.5856
-1.56042
-1.76112
-1.61414
-1.43234
-1.46565
-1.75531
-1.38966
-1.46382
-1.76999
-1.8889
-1.39378
-0.554886
-1.8373
-1.47122
-1.50807
-1.63501
-1.30753
-1.6272
-1.42679
-1.47278
-1.33786
-1.58231
1.35777
1.01324
1.1317
1.49338
1.22534
1.0871
0.956848
1.2552
1.05942
1.05934
1.05782
1.05074
1.50323
1.4649
1.47862
0.964813
1.41199
1.39624
1.06435
1.04257
1.31184
0.988617
1.25453
0.998993
1.18738
1.0704
1.08932
0.0217438
0.864334
0.874161
-0.249786
1.03455
1.0795
1.095
1.24745
1.12366
1.21007
1.40042
1.48286
1.41747
1.0701
0.945648
1.10074
1.07648
1.41338
1.08304
1.27602
1.17871
1.16724
1.36761
1.53217
1.39273
1.00851
0.866348
1.02263
1.05673
0.935074
1.08138
0.893677
1.34943
1.06398
1.10582
1.5034
-0.053421
1.20491
1.45447
1.44455
1.36214
1.062
1.31352
1.40205
1.03703
0.905029
1.14749
1.04018
0.911499
1.1097
1.11624
0.871323
1.20657
1.12636
1.38368
1.39716
0.835922
1.03122
1.03677
1.16313
1.14781
1.33542
1.17574
1.37338
0.990463
1.21854
0.966156
1.3134
0.874863
0.923904
1.02161
1.40286
0.937271
1.22714
1.19377
1.33104
-0.21785
1.23329
1.28949
0.951492
0.980621
1.26898
1.15826
1.34058
1.07979
1.3307
1.43457
1.37659
1.00859
1.08369
1.12334
1.45795
0.725204
1.40279
1.1062
1.53014
1.10213
1.12782
1.01483
1.14839
1.51419
1.33527
1.01013
0.915619
1.4312
1.01378
1.45021
1.02713
1.05338
1.12959
1.21992
1.02446
1.24133
1.11505
1.45638
0.897476
1.36012
1.20227
1.26067
1.33482
1.356
1.18542
1.19829
0.832214
0.942383
1.32921
1.35515
1.3333
1.34596
1.48616
1.49977
0.951965
1.43221
1.21748
1.19542
1.23749
1.37469
1.09457
1.38554
-0.00421143
1.03796
1.37082
1.04575
0.881622
1.28098
1.20372
1.0224
1.17555
1.03407
1.34346
1.21568
1.21432
1.34686
1.42676
1.14282
1.00446
1.17537
0.790344
1.32375
1.44557
0.209564
1.25186
1.16214
1.366
0.968567
1.39519
1.24913
1.34779
1.02121
1.127
1.35321
1.18053
1.02998
1.18488
1.4435
0.902878
1.09511
1.38206
1.38812
1.16154
1.30164
1.21793
1.19891
1.24428
1.04683
1.35535
1.10805
1.30289
-0.259598
0.894531
1.05052
0.991501
1.4231
1.09897
1.36667
1.08716
1.05643
0.0796204
0.945938
0.796585
1.36023
0.935349
1.12804
1.437
0.98877
1.1317
1.34521
1.01578
1.26884
1.24525
1.263
1.03197
0.976562
1.26866
1.17426
1.41162
1.06148
1.2198
1.29599
1.32584
1.03188
1.20847
1.14485
1.08408
1.50385
0.786865
1.17813
1.1537
1.31471
1.53842
1.02077
1.29361
1.20583
1.3382
1.11395
1.25868
0.938339
1.20419
1.07671
1.05321
1.19563
1.18028
1.17987
0.977844
1.39464
1.26897
0.878174
1.31148
0.938446
0.947296
1.28008
1.18338
1.02815
0.974869
1.23711
1.46028
1.29375
1.23215
1.57137
-0.0152283
1.3535
-0.137039
0.0214844
0.93158
1.62021
1.06078
1.03368
1.12639
-0.139694
1.58095
1.39157
1.2598
1.30103
1.09297
1.39339
1.41353
1.26682
1.34081
1.45918
1.27075
1.07932
0.955856
1.20976
1.20857
-3.24913
1.47426
1.39787
0.846069
0.827316
1.25961
1.00238
0.986725
1.13402
0.816193
1.16084
1.32967
1.01865
1.09276
1.5173
1.24666
1.05287
1.27701
1.48497
1.09714
1.19946
1.27631
1.17555
1.07594
1.27777
1.26196
1.29135
1.15712
1.38229
0.983231
0.914322
1.07161
1.29539
1.31288
1.22507
0.869659
1.37692
1.55458
1.40375
1.2164
1.25305
1.42189
1.56354
1.20978
1.07939
1.17146
1.19989
1.14658
1.18207
0.930115
1.14449
1.39619
1.41782
1.16228
1.39488
1.31416
-0.223099
0.89917
1.37485
1.03955
1.33221
1.07657
1.2076
0.03508
1.22182
0.972305
1.12708
0.974564
1.47104
-0.133469
1.08905
1.24501
1.33234
1.0266
1.48085
1.07626
1.4754
1.10449
1.19359
1.06689
1.40987
1.29565
1.17056
1.11806
1.16687
0.922058
1.39166
1.19202
0.85228
0.986816
1.27205
0.944382
1.16789
1.32872
1.29324
1.41644
1.05908
1.36546
1.47891
-0.356308
1.16624
1.08818
-3.61398
0.853577
1.40077
1.48782
1.11517
1.41888
1.03935
-0.123901
1.03386
1.21239
1.09715
1.11578
1.09387
0.981049
1.26842
1.27963
-0.105347
1.13522
1.16559
0.987
1.07405
1.29596
1.18752
1.12985
1.121
1.19608
1.02338
1.52251
0.907715
1.12653
1.01852
1.017
1.28386
1.30487
1.21188
1.20389
1.15131
1.38417
1.03914
1.25983
-0.127655
1.01038
1.53824
1.48865
0.976089
1.21144
1.1689
1.03978
0.892349
1.14622
0.89415
1.54645
0.993973
1.37032
0.98439
1.23569
0.949265
0.656631
1.45352
1.10785
1.0065
0.998566
0.954453
1.15582
1.18614
1.44395
1.40974
1.30325
0.92337
1.05515
1.25256
1.31665
1.00963
1.22131
0.936646
1.13666
1.52823
1.29747
1.01521
1.2383
1.06725
1.02455
0.937958
0.823166
1.36684
1.4901
0.868362
1.13889
0.844986
1.2737
0.00100708
1.4843
1.18939
1.28813
1.40042
1.33136
1.03108
0.965469
1.22879
1.08405
0.79248
1.36591
1.14827
1.12238
1.23601
1.08359
1.35114
1.3354
-0.123306
1.04582
0.928787
1.40143
1.0309
1.35828
1.34505
0.938324
1.34398
1.02419
1.37537
0.825516
1.39268
1.0824
0.95166
1.07024
1.05396
1.43025
1.23503
1.09354
-0.25563
1.41667
1.20692
1.17657
0.852966
1.44542
1.38751
0.74353
0.998642
1.13177
0.0777588
1.21294
1.17268
1.05856
1.01576
1.0321
1.16032
1.36116
1.3176
1.16885
1.4975
1.23334
1.45607
1.14528
1.05557
1.48453
1.21065
1.01793
1.29625
1.06651
1.26645
1.1261
1.49698
0.00291443
1.34706
1.06352
1.01419
1.5762
1.00952
1.07423
0.990829
1.05444
1.17677
1.21664
1.24039
1.43262
1.16891
0.861328
1.24187
1.32358
1.56413
1.04535
1.24239
1.07167
1.30034
1.17407
1.05734
1.45273
1.14482
1.10089
1.21471
0.94841
1.38164
0.987534
1.5186
0.764297
1.40775
1.24516
1.38708
1.13051
1.43985
1.06256
0.94519
1.05525
1.15045
1.32973
0.858032
1.21591
1.05321
1.4491
1.27342
0.981583
1.16518
1.32832
0.973862
1.03259
1.28844
1.00403
1.3183
1.16583
0.888443
1.03293
1.20326
-0.328369
1.28152
1.09346
0.960602
1.16837
1.34901
0.804138
1.31416
1.12302
1.01022
0.964218
1.09258
-0.337006
1.17117
1.10944
1.09779
1.08466
1.42738
1.13078
1.43111
0.0565491
1.27185
1.47153
1.22475
1.36668
1.39088
1.2757
1.08626
1.23193
1.42989
1.13474
1.08566
1.31168
1.27068
1.09402
0.796722
1.0546
1.29814
1.14351
1.01994
0.860413
0.929657
1.38113
1.22752
1.36938
1.14897
1.13835
0.872971
1.31664
1.30966
1.04324
1.01343
1.31161
1.33084
1.17584
0.992249
1.28078
1.4566
0.896973
1.15532
1.0475
1.27512
1.34796
-2.33086
1.26431
1.47885
0.784882
1.14873
1.18741
1.44453
1.08936
1.45483
1.26993
1.06459
1.38734
1.01678
1.10175
1.01538
1.29799
0.805328
1.21935
1.11238
1.41188
0.966446
1.42999
1.26686
1.50562
1.10213
1.14323
0.952469
1.09021
1.05255
0.792511
1.23523
1.24297
1.44963
1.45135
1.05894
1.16344
1.32852
0.882187
1.15611
1.41689
0.976654
1.575
0.903168
1.01758
1.32394
0.172882
1.39909
0.941284
1.35167
1.36801
1.41896
1.18733
1.10733
1.07928
0.0642242
0.880829
1.32187
0.933212
1.5603
1.30562
1.32487
0.96666
1.28505
1.20839
1.15794
1.28073
1.45601
1.00912
1.27774
1.21764
1.38792
1.11885
1.39519
1.02885
1.23434
1.04222
-0.217224
0.725845
0.940399
1.11829
1.36404
0.992386
1.506
1.42613
-0.0380859
1.39334
1.35349
0.97998
1.05466
1.48282
1.26245
-0.106796
1.21472
0.968826
1.11086
-0.175766
1.06816
1.48882
0.840439
1.17619
1.29112
1.19913
0.93071
1.28465
1.18015
1.17839
1.2625
0.834503
1.04535
1.37065
1.21486
-0.217453
1.05637
1.28938
0.91214
1.17233
1.02272
0.956253
0.876129
0.992218
1.06567
0.78598
1.11923
1.07559
1.23332
1.14758
1.41531
1.11937
1.24855
1.15443
1.35072
1.10152
1.16417
1.10722
1.52858
1.35806
1.13872
1.49049
1.21292
1.03204
1.15161
1.25122
1.02692
1.06303
0.880386
1.27115
-4.71773
1.26846
1.16447
1.1683
1.05499
1.55106
1.26448
1.23105
1.00607
1.09933
1.34987
1.09006
1.23227
1.40617
1.17593
1.29129
1.40509
1.06656
1.47507
-0.174454
1.19383
1.17615
0.936005
1.03015
0.877777
1.25578
0.828888
1.47145
1.04153
1.5218
0.92099
1.33954
1.32555
1.10106
1.32603
1.34296
1.17871
1.06511
1.10614
-0.0167847
1.07928
1.56076
1.41986
1.41278
1.34482
1.19638
1.67902
0.956604
1.30548
1.24196
1.36629
0.999527
1.1507
1.129
1.21109
1.06311
0.91217
1.03065
-0.0895538
1.27263
0.949371
1.08797
1.14845
1.29962
1.57288
1.04039
1.09531
1.28635
1.21121
1.31958
1.12119
1.17174
1.09361
1.26207
1.42525
1.24901
1.62151
1.02916
1.29892
1.30113
1.15498
0.838257
1.11522
1.36043
1.43498
0.879837
1.01826
0.936951
0.972244
1.10849
0.986237
1.07481
0.833405
0.922165
1.27113
1.03886
1.43546
1.23875
1.38283
1.39542
1.41039
1.25102
1.10338
0.836502
1.00133
1.23648
1.10358
0.982986
1.18187
1.48018
1.19557
1.39201
1.09035
1.20567
1.00418
1.34959
1.18895
0.881363
1.14313
1.07222
0.873749
1.06841
1.09238
0.615784
1.21439
1.36465
1.0475
1.30865
1.24519
1.54626
1.01202
1.41438
1.0537
1.08582
0.898026
1.2928
1.21339
1.38887
1.20784
1.07172
1.16035
1.22919
1.00102
1.38797
0.878235
1.35875
1.35023
1.14771
-2.0394
1.13036
-0.0896912
1.16801
0.914246
1.57996
1.03696
1.56564
1.29578
1.09389
0.810074
0.190094
1.32219
1.37097
1.19011
1.13155
1.20718
1.11734
0.994507
1.21643
1.2939
0.918625
1.09637
1.24213
1.25534
1.45436
0.747421
1.17302
1.22975
1.21503
-0.277817
1.02632
1.04018
1.44841
1.10359
0.936356
1.27542
1.13466
1.16432
0.931686
1.00897
-0.46373
1.07487
1.32172
1.21046
1.39867
1.42577
1.39825
1.53629
1.36151
1.08743
-0.021225
1.42326
1.07541
0.988571
1.19243
1.42812
1.43965
1.26453
1.10437
0.893509
1.21252
1.35504
1.28409
1.47964
0.912384
1.34792
-0.269913
1.05104
1.24339
1.48534
1.22958
1.24677
0.972595
1.22997
1.03238
1.10724
1.03749
1.15704
1.09764
1.32669
-0.0409698
0.0243073
1.42799
1.40028
1.09239
0.958145
1.29962
1.0381
1.30692
0.858871
0.983215
1.18524
0.977829
1.0016
1.35182
1.3624
0.19249
-0.174515
0.996399
1.57501
1.33897
1.03177
-0.511871
1.38977
0.921951
1.27438
1.39609
1.19437
1.2693
1.28131
1.16292
1.08067
1.063
1.1275
-2.22446
1.05061
1.36328
1.24619
1.15181
1.1635
0.968948
1.17801
1.25505
1.26326
0.935074
1.03395
1.03557
1.07077
1.29593
1.06291
1.39752
0.977386
1.01813
-0.000488281
1.43546
-0.559036
1.27951
1.14348
1.18207
1.03107
1.32227
1.32201
0.769119
0.817581
0.92923
1.01924
1.02484
1.00774
1.0228
1.22374
1.11951
1.37808
0.938202
1.01591
1.40808
1.21277
1.12418
1.38997
1.32147
0.908325
-0.169998
-0.00219727
1.44984
0.971176
0.982834
1.16042
1.31036
0.950073
0.916977
1.47566
1.00243
0.757736
1.2953
-0.0608673
0.703583
1.36479
1.39278
0.957001
1.2175
1.1839
1.30794
1.10593
0.964798
-0.0570526
1.15283
0.946701
1.06767
1.07133
1.21213
1.06332
0.992294
-0.17688
1.19514
0.99881
1.02133
-0.00341797
1.42554
1.55396
1.20583
1.4642
1.07976
1.16321
1.09737
1.09564
1.08398
1.24612
1.33157
1.11244
1.22922
1.04619
1.4178
0.862869
1.19304
0.868393
0.749588
1.32716
0.921646
1.1143
0.154648
0.996933
1.06024
0.937759
1.24132
1.00323
1.33168
1.19986
1.25035
1.29369
1.26199
1.35861
0.960953
1.14801
1.13664
1.52467
1.40689
1.52992
1.22035
1.15341
1.26791
-0.0281219
1.42603
1.03331
1.40379
1.17293
0.924026
1.08441
1.33398
1.1535
1.24278
1.44504
1.13007
1.23923
1.06345
1.13553
1.039
0.928085
1.40994
1.46036
1.01047
1.20872
1.25766
1.30099
1.10042
1.34708
1.30386
0.966415
0.898346
1.30476
1.08606
1.02441
1.44304
1.34026
1.04927
1.20087
0.969711
1.24339
1.27254
-0.055191
0.950317
1.25374
0.0277252
0.995544
1.33086
1.48975
-0.398346
1.42726
1.24101
1.3698
1.10178
0.976715
1.33496
1.02222
1.10071
1.45193
1.46773
1.06631
0.881653
0.943863
0.955093
0.969711
1.42543
1.04994
1.51086
1.28999
1.21632
1.27844
1.51686
1.23477
0.96347
1.00099
1.00447
1.20859
1.0424
1.14749
1.56953
1.12762
0.782394
0.744049
1.22092
1.25981
1.12862
1.32933
1.32289
1.15691
1.37868
1.49425
1.13885
1.02696
1.39366
1.03607
1.44781
1.07944
1.16196
1.2614
0.837845
0.991333
1.28366
1.30989
1.21939
1.17377
1.47906
1.37421
1.41351
1.41432
0.0681
1.17264
1.07068
1.01036
1.07826
-0.0731659
1.07045
1.15187
1.25169
1.35851
0.846085
0.821365
1.38551
1.10954
1.30176
1.16411
1.53621
1.00046
1.12206
1.04794
0.993439
1.28923
0.729904
1.27831
1.22835
-0.298813
0.967438
1.01465
1.15863
1.02467
1.30121
1.26785
0.993134
1.22392
1.18335
1.34315
1.27995
1.02623
1.18326
0.853119
1.02684
0.950592
1.27979
1.16226
1.0836
1.29501
1.0177
1.13374
1.19031
1.04955
1.29141
1.34694
1.09018
1.4111
1.15494
1.00363
1.15453
1.05128
1.31134
1.32184
1.21085
1.02737
1.12267
0.9832
1.32205
0.681503
0.134705
0.948166
0.857071
1.27101
1.52188
1.41536
1.39735
1.28627
1.21217
1.16849
1.00185
